# VarAstro Metadata Begin
# ObservationId: 87106
# StarName: OGLE-TR-113
# RA: 10h 52m 24.00s (163.0999999900)
# DE: -61° 26' 48.00" (-61.4466666663)
# ObserverName: Carl R Knight
# Station: Ngileah Observatory
# Latitude: -40
# Longitude: 175
# Instrument: 0.3m F10 SCT, SBIG ST10XE
# Filter: R
# JD: GJD
# Unit: Mag
# VarAstro Metadata End
2458165.92270	+14.341	0.017
2458165.92310	+14.335	0.017
2458165.92350	+14.329	0.017
2458165.92391	+14.331	0.017
2458165.92431	+14.322	0.017
2458165.92471	+14.327	0.017
2458165.92512	+14.331	0.017
2458165.92552	+14.320	0.017
2458165.92593	+14.324	0.017
2458165.92633	+14.330	0.017
2458165.92673	+14.341	0.017
2458165.92714	+14.337	0.017
2458165.92754	+14.340	0.017
2458165.92795	+14.336	0.017
2458165.92835	+14.329	0.017
2458165.92876	+14.337	0.017
2458165.92916	+14.334	0.017
2458165.92956	+14.331	0.017
2458165.92997	+14.322	0.017
2458165.93037	+14.334	0.017
2458165.93078	+14.322	0.017
2458165.93118	+14.322	0.017
2458165.93159	+14.344	0.017
2458165.93199	+14.336	0.017
2458165.93239	+14.334	0.017
2458165.93280	+14.316	0.017
2458165.93320	+14.319	0.017
2458165.93360	+14.324	0.017
2458165.93400	+14.315	0.017
2458165.93441	+14.318	0.017
2458165.93481	+14.344	0.017
2458165.93521	+14.348	0.017
2458165.93561	+14.346	0.017
2458165.93602	+14.338	0.017
2458165.93642	+14.336	0.017
2458165.93682	+14.329	0.017
2458165.93723	+14.332	0.017
2458165.93763	+14.331	0.017
2458165.93804	+14.322	0.017
2458165.93844	+14.323	0.017
2458165.93885	+14.346	0.017
2458165.93925	+14.343	0.017
2458165.93965	+14.342	0.017
2458165.94006	+14.334	0.017
2458165.94046	+14.339	0.017
2458165.94087	+14.345	0.017
2458165.94127	+14.342	0.017
2458165.94168	+14.335	0.017
2458165.94208	+14.343	0.017
2458165.94249	+14.319	0.017
2458165.94289	+14.330	0.017
2458165.94330	+14.325	0.017
2458165.94370	+14.321	0.017
2458165.94411	+14.325	0.017
2458165.94451	+14.327	0.017
2458165.94492	+14.327	0.017
2458165.94532	+14.321	0.017
2458165.94573	+14.343	0.017
2458165.94613	+14.345	0.017
2458165.94654	+14.347	0.017
2458165.94694	+14.330	0.017
2458165.94735	+14.325	0.017
2458165.94775	+14.340	0.017
2458165.94816	+14.352	0.017
2458165.94856	+14.356	0.017
2458165.94896	+14.350	0.017
2458165.94937	+14.330	0.017
2458165.94977	+14.338	0.017
2458165.95018	+14.331	0.017
2458165.95058	+14.336	0.017
2458165.95099	+14.340	0.017
2458165.95139	+14.334	0.017
2458165.95180	+14.351	0.017
2458165.95221	+14.330	0.017
2458165.95261	+14.334	0.017
2458165.95302	+14.340	0.017
2458165.95342	+14.335	0.017
2458165.95383	+14.339	0.017
2458165.95423	+14.341	0.017
2458165.95464	+14.356	0.017
2458165.95504	+14.351	0.017
2458165.95545	+14.337	0.017
2458165.95585	+14.345	0.017
2458165.95626	+14.348	0.017
2458165.95666	+14.341	0.017
2458165.95707	+14.352	0.017
2458165.95747	+14.356	0.017
2458165.95788	+14.346	0.017
2458165.95828	+14.345	0.017
2458165.95869	+14.346	0.017
2458165.95909	+14.353	0.017
2458165.95950	+14.363	0.017
2458165.95991	+14.356	0.017
2458165.96031	+14.347	0.017
2458165.96072	+14.351	0.017
2458165.96112	+14.357	0.017
2458165.96152	+14.359	0.017
2458165.96193	+14.358	0.017
2458165.96233	+14.354	0.017
2458165.96274	+14.354	0.017
2458165.96314	+14.356	0.017
2458165.96355	+14.350	0.017
2458165.96395	+14.364	0.017
2458165.96436	+14.366	0.018
2458165.96476	+14.362	0.017
2458165.96516	+14.363	0.017
2458165.96557	+14.357	0.017
2458165.96597	+14.357	0.017
2458165.96638	+14.352	0.017
2458165.96678	+14.367	0.017
2458165.96719	+14.361	0.017
2458165.96759	+14.373	0.018
2458165.96800	+14.355	0.017
2458165.96840	+14.357	0.017
2458165.96880	+14.367	0.017
2458165.96921	+14.352	0.017
2458165.96961	+14.364	0.017
2458165.97002	+14.348	0.017
2458165.97042	+14.347	0.017
2458165.97082	+14.347	0.017
2458165.97122	+14.349	0.017
2458165.97163	+14.359	0.017
2458165.97203	+14.356	0.017
2458165.97323	+14.348	0.017
2458165.97363	+14.354	0.017
2458165.97403	+14.354	0.017
2458165.97444	+14.354	0.017
2458165.97484	+14.369	0.018
2458165.97524	+14.363	0.017
2458165.97565	+14.357	0.017
2458165.97605	+14.374	0.018
2458165.97646	+14.372	0.018
2458165.97686	+14.372	0.018
2458165.97726	+14.369	0.018
2458165.97767	+14.369	0.017
2458165.97807	+14.376	0.018
2458165.97848	+14.369	0.017
2458165.97888	+14.371	0.017
2458165.97928	+14.377	0.018
2458165.97969	+14.371	0.017
2458165.98009	+14.377	0.018
2458165.98050	+14.361	0.017
2458165.98090	+14.355	0.017
2458165.98130	+14.357	0.017
2458165.98171	+14.348	0.017
2458165.98211	+14.352	0.017
2458165.98252	+14.365	0.017
2458165.98292	+14.358	0.017
2458165.98332	+14.359	0.017
2458165.98373	+14.361	0.017
2458165.98413	+14.358	0.017
2458165.98454	+14.355	0.017
2458165.98495	+14.372	0.018
2458165.98535	+14.361	0.017
2458165.98576	+14.360	0.017
2458165.98617	+14.357	0.017
2458165.98657	+14.362	0.017
2458165.98698	+14.374	0.018
2458165.98738	+14.371	0.018
2458165.98779	+14.376	0.018
2458165.98819	+14.358	0.017
2458165.98860	+14.351	0.017
2458165.98900	+14.372	0.017
2458165.98941	+14.373	0.017
2458165.98981	+14.367	0.017
2458165.99022	+14.367	0.017
2458165.99063	+14.359	0.017
2458165.99103	+14.372	0.018
2458165.99143	+14.376	0.018
2458165.99184	+14.377	0.017
2458165.99225	+14.370	0.017
2458165.99265	+14.368	0.017
2458165.99306	+14.362	0.017
2458165.99347	+14.381	0.018
2458165.99387	+14.346	0.017
2458165.99428	+14.372	0.017
2458165.99469	+14.377	0.017
2458165.99509	+14.361	0.017
2458165.99550	+14.365	0.017
2458165.99590	+14.366	0.017
2458165.99631	+14.368	0.017
2458165.99671	+14.354	0.017
2458165.99712	+14.365	0.017
2458165.99752	+14.359	0.017
2458165.99793	+14.353	0.017
2458165.99833	+14.366	0.017
2458165.99874	+14.362	0.017
2458165.99914	+14.354	0.017
2458165.99955	+14.367	0.017
2458165.99995	+14.366	0.017
2458166.00056	+14.378	0.017
2458166.00116	+14.379	0.017
2458166.00177	+14.353	0.017
2458166.00238	+14.357	0.017
2458166.00298	+14.372	0.017
2458166.00359	+14.362	0.017
2458166.00420	+14.344	0.017
2458166.00481	+14.360	0.017
2458166.00521	+14.356	0.017
2458166.00562	+14.357	0.017
2458166.00602	+14.349	0.017
2458166.00643	+14.358	0.017
2458166.00683	+14.353	0.017
2458166.00724	+14.355	0.017
2458166.00764	+14.361	0.017
2458166.00805	+14.369	0.017
2458166.00845	+14.364	0.017
2458166.00886	+14.364	0.017
2458166.00926	+14.354	0.017
2458166.00967	+14.356	0.017
2458166.01007	+14.363	0.017
2458166.01048	+14.358	0.017
2458166.01128	+14.347	0.017
2458166.01169	+14.356	0.017
2458166.01209	+14.361	0.017
2458166.01250	+14.354	0.017
2458166.01290	+14.356	0.017
2458166.01331	+14.361	0.017
2458166.01371	+14.362	0.017
2458166.01412	+14.347	0.017
2458166.01452	+14.330	0.017
2458166.01533	+14.331	0.017
2458166.01573	+14.336	0.017
2458166.01614	+14.344	0.017
2458166.01655	+14.335	0.017
2458166.01695	+14.328	0.017
2458166.01736	+14.327	0.017
2458166.01776	+14.323	0.016
2458166.01817	+14.321	0.016
2458166.01858	+14.329	0.017
2458166.01898	+14.328	0.017
2458166.01938	+14.341	0.017
2458166.01978	+14.335	0.017
2458166.02019	+14.342	0.017
2458166.02059	+14.342	0.017
2458166.02099	+14.355	0.017
2458166.02139	+14.355	0.017
2458166.02179	+14.371	0.017
2458166.02219	+14.357	0.017
2458166.02259	+14.356	0.017
2458166.02299	+14.361	0.017
2458166.02340	+14.363	0.017
2458166.02380	+14.375	0.017
2458166.02420	+14.379	0.017
2458166.02461	+14.360	0.017
2458166.02501	+14.367	0.017
2458166.02541	+14.376	0.018
2458166.02582	+14.376	0.017
2458166.02622	+14.361	0.017
2458166.02663	+14.375	0.018
2458166.02703	+14.357	0.017
2458166.02743	+14.359	0.017
2458166.02784	+14.362	0.017
2458166.02824	+14.355	0.017
2458166.02865	+14.353	0.017
2458166.02905	+14.349	0.017
2458166.02945	+14.353	0.017
2458166.02986	+14.356	0.017
2458166.03026	+14.351	0.017
2458166.03067	+14.361	0.017
2458166.03107	+14.360	0.017
2458166.03148	+14.337	0.017
2458166.03188	+14.353	0.017
2458166.03229	+14.346	0.017
2458166.03269	+14.349	0.017
2458166.03310	+14.366	0.017
2458166.03351	+14.353	0.017
2458166.03391	+14.367	0.017
2458166.03432	+14.352	0.017
2458166.03473	+14.351	0.017
2458166.03513	+14.348	0.017
2458166.03554	+14.368	0.017
2458166.03595	+14.382	0.018
2458166.03636	+14.347	0.017
2458166.03676	+14.353	0.017
2458166.03716	+14.343	0.017
2458166.03757	+14.343	0.017
2458166.03797	+14.345	0.017
2458166.03838	+14.334	0.017
2458166.03878	+14.335	0.017
2458166.03918	+14.345	0.017
2458166.03959	+14.340	0.017
2458166.03999	+14.333	0.016
2458166.04040	+14.338	0.016
2458166.04080	+14.333	0.016
2458166.04121	+14.336	0.016
2458166.04161	+14.344	0.017
2458166.04202	+14.323	0.016
2458166.04242	+14.320	0.016
2458166.04283	+14.328	0.016
2458166.04323	+14.325	0.016
2458166.04363	+14.319	0.016
2458166.04404	+14.322	0.016
2458166.04444	+14.326	0.016
2458166.04484	+14.328	0.016
2458166.04525	+14.333	0.016
2458166.04565	+14.332	0.016
2458166.04605	+14.318	0.016
2458166.04646	+14.325	0.016
2458166.04686	+14.320	0.016
2458166.04726	+14.322	0.016
2458166.04766	+14.333	0.017
2458166.04806	+14.328	0.016
2458166.04846	+14.339	0.017
2458166.04886	+14.333	0.017
2458166.04926	+14.325	0.017
2458166.04967	+14.344	0.017
2458166.05007	+14.337	0.017
2458166.05047	+14.349	0.017
2458166.05088	+14.338	0.017
2458166.05128	+14.340	0.017
2458166.05169	+14.338	0.017
2458166.05209	+14.323	0.017
2458166.05249	+14.322	0.016
2458166.05290	+14.331	0.017
2458166.05330	+14.339	0.017
2458166.05371	+14.352	0.017
2458166.05411	+14.327	0.016
2458166.05451	+14.323	0.016
2458166.05492	+14.321	0.016
2458166.05532	+14.328	0.016
2458166.05572	+14.334	0.017
2458166.05613	+14.340	0.017
2458166.05653	+14.352	0.017
2458166.05693	+14.325	0.016
2458166.05733	+14.304	0.016
2458166.05773	+14.305	0.016
2458166.05813	+14.321	0.016
2458166.05853	+14.307	0.016
2458166.05894	+14.325	0.016
2458166.05934	+14.329	0.016
2458166.05974	+14.328	0.016
2458166.06014	+14.328	0.016
2458166.06055	+14.327	0.016
2458166.06095	+14.334	0.016
2458166.06135	+14.327	0.016
2458166.06176	+14.317	0.016
2458166.06216	+14.321	0.016
2458166.06256	+14.320	0.016
2458166.06297	+14.327	0.016
2458166.06337	+14.312	0.016
2458166.06377	+14.315	0.016
2458166.06417	+14.317	0.016
2458166.06458	+14.325	0.016
2458166.06498	+14.325	0.016
2458166.06538	+14.326	0.016
2458166.06578	+14.324	0.016
2458166.06618	+14.321	0.016
2458166.06658	+14.329	0.016
2458166.06698	+14.319	0.016
2458166.06739	+14.323	0.016
2458166.06779	+14.327	0.016
2458166.06819	+14.329	0.016
2458166.06859	+14.334	0.016
2458166.06900	+14.325	0.016
2458166.06940	+14.311	0.016
2458166.06980	+14.320	0.016
2458166.07020	+14.315	0.016
2458166.07061	+14.328	0.016
2458166.07101	+14.326	0.016
2458166.07141	+14.329	0.016
2458166.07182	+14.330	0.016
2458166.07222	+14.343	0.016
2458166.07262	+14.335	0.016
2458166.07303	+14.343	0.016
2458166.07343	+14.327	0.016
2458166.07383	+14.322	0.016
2458166.07423	+14.326	0.016
2458166.07463	+14.329	0.016
2458166.07503	+14.319	0.016
2458166.07543	+14.322	0.016
2458166.07584	+14.321	0.016
2458166.07624	+14.327	0.016
2458166.07664	+14.327	0.016
2458166.07704	+14.336	0.016
2458166.07745	+14.341	0.017
2458166.07785	+14.337	0.016
2458166.07826	+14.329	0.016
2458166.07866	+14.322	0.016
2458166.07907	+14.336	0.016
2458166.07948	+14.326	0.016
2458166.07988	+14.320	0.016
2458166.08029	+14.326	0.016
2458166.08069	+14.335	0.016